0.0
-0.001936429995112121
-0.0038734565023332834
-0.005811676848679781
-0.007751688826829195
-0.009694091975688934
-0.0116394879296422
-0.013588480651378632
-0.015541675500571728
-0.017499683424830437
-0.01946311816573143
-0.021432597190141678
-0.023408744484186172
-0.025392185896635056
-0.027383558452129364
-0.029383501037955284
-0.0313926637172699
-0.033411696553230286
-0.035441264510154724
-0.037482041865587234
-0.03953470662236214
-0.04159994795918465
-0.04367847368121147
-0.04577098786830902
-0.04787822067737579
-0.050000905990600586
-0.05213979631662369
-0.05429564788937569
-0.05646924674510956
-0.058661382645368576
-0.06087286397814751
-0.0631045252084732
-0.06535720080137253
-0.06763175874948502
-0.0699290856719017
-0.07225007563829422
-0.07459566742181778
-0.0769667997956276
-0.07936444878578186
-0.08178960531949997
-0.0842433050274849
-0.0867265909910202
-0.08924054354429245
-0.09178626537322998
-0.09436491131782532
-0.09697764366865158
-0.09962567687034607
-0.10231024771928787
-0.10503265261650085
-0.10779419541358948
-0.11059623956680298
-0.11344020813703537
-0.11632753163576126
-0.11925972253084183
-0.12223832309246063
-0.12526492774486542
-0.1283411830663681
-0.13146881759166718
-0.1346495896577835
-0.13788533210754395
-0.1411779373884201
-0.14452937245368958
-0.14794164896011353
-0.15141691267490387
-0.15495730936527252
-0.15856510400772095
-0.16224266588687897
-0.16599242389202118
-0.16981688141822815
-0.17371866106987
-0.1777004897594452
-0.18176516890525818
-0.18591560423374176
-0.1901548206806183
-0.19448594748973846
-0.19891220331192017
-0.203436940908432
-0.20806357264518738
-0.2127956598997116
-0.217636838555336
-0.22259078919887543
-0.22766131162643433
-0.23285219073295593
-0.23816724121570587
-0.2436102032661438
-0.24918466806411743
-0.2548940181732178
-0.2607412338256836
-0.26672857999801636
-0.2728574275970459
-0.2791275978088379
-0.28553664684295654
-0.29207843542099
-0.29874128103256226
-0.30550411343574524
-0.3123300075531006
-0.31915372610092163
-0.3258551061153412
-0.33219775557518005
-0.33766162395477295
-0.3408743143081665
-0.336767315864563
-0.27961277961730957
-0.4897072911262512
-0.4332146644592285
-0.4305008053779602
-0.4358130395412445
-0.44408905506134033
-0.4539666175842285
-0.4649389088153839
-0.4767856001853943
-0.48940587043762207
-0.5027568936347961
-0.5168278217315674
-0.531627357006073
-0.5471775531768799
-0.5635104179382324
-0.5806666612625122
-0.5986943244934082
-0.6176490187644958
-0.637593686580658
-0.658599317073822
-0.6807453632354736
-0.7041208148002625
-0.728825032711029
-0.7549694180488586
-0.7826786637306213
-0.8120930790901184
-0.8433705568313599
-0.876689612865448
-0.9122526049613953
-0.9502898454666138
-0.9910645484924316
-1.0348788499832153
-1.0820811986923218
-1.1330753564834595
-1.188332438468933
-1.248404622077942
-1.3139441013336182
-1.3857264518737793
-1.4646809101104736
-1.5519312620162964
-1.648848533630371
-1.7571237087249756
-1.8788663148880005
-2.016742706298828
-2.174172878265381
-2.3556160926818848
-2.5669994354248047
-2.816375494003296
-3.114967107772827
-3.4789013862609863
-3.9322128295898438
-4.51237154006958
-5.281191349029541
-6.348438739776611
-7.929515838623047
-10.512795448303223
-15.492555618286133
-29.08588218688965
-216.5118408203125
40.4130744934082
18.617382049560547
12.151806831359863
9.050908088684082
7.23069429397583
6.033688068389893
5.1866984367370605
4.555854320526123
4.067834377288818
3.6791129112243652
3.3622190952301025
3.0989606380462646
2.8768107891082764
2.6868622303009033
2.5226078033447266
2.3791840076446533
2.2528815269470215
2.140822649002075
2.040740966796875
1.950826644897461
1.8696171045303345
1.7959178686141968
1.728743314743042
1.6672735214233398
1.6108202934265137
1.5588020086288452
1.5107238292694092
1.4661619663238525
1.4247515201568604
1.3861761093139648
1.3501609563827515
1.3164653778076172
1.284878134727478
1.2552131414413452
1.227305293083191
1.2010082006454468
1.1761914491653442
1.152738094329834
1.1305434703826904
1.109513521194458
1.0895631313323975
1.070615530014038
1.0526008605957031
1.0354561805725098
1.0191235542297363
1.003550410270691
0.9886887669563293
0.9744943976402283
0.9609269499778748
0.9479491114616394
0.9355266094207764
0.9236278533935547
0.9122236371040344
0.9012868404388428
0.8907924294471741
0.8807170987129211
0.8710392117500305
0.8617387413978577
0.8527967929840088
0.8441959619522095
0.8359198570251465
0.8279532790184021
0.8202818036079407
0.8128921389579773
0.8057717084884644
0.7989087104797363
0.792292058467865
0.7859112620353699
0.7797566652297974
0.773818850517273
0.7680891752243042
0.7625594735145569
0.7572218775749207
0.7520691156387329
0.7470942139625549
0.7422906160354614
0.7376521229743958
0.7331727743148804
0.7288470268249512
0.7246695756912231
0.7206354141235352
0.7167396545410156
0.7129778861999512
0.7093456983566284
0.7058390378952026
0.7024539709091187
0.6991867423057556
0.696033775806427
0.6929917931556702
0.6900575160980225
0.6872278451919556
0.6844999194145203
0.6818708181381226
0.6793379783630371
0.6768987774848938
0.6745507717132568
0.6722916960716248
0.6701192855834961
0.6680313944816589
0.6660259962081909
0.6641010642051697
0.6622548699378967
0.660485565662384
0.6587914228439331
0.657170832157135
0.6556221842765808
0.6541439890861511
0.6527348756790161
0.651393473148346
0.650118350982666
0.6489083170890808
0.6477622389793396
0.6466788053512573
0.6456570625305176
0.6446958780288696
0.6437942385673523
0.6429511904716492
0.6421657800674438
0.6414372324943542
0.6407645344734192
0.6401470303535461
0.6395838260650635
0.6390743255615234
0.6386176943778992
0.6382132768630981
0.6378605365753174
0.6375587582588196
0.6373074054718018
0.6371060013771057
0.6369538903236389
0.6368506550788879
0.6367958784103394
0.6367890238761902
0.636829674243927
0.6369175314903259
0.6370521783828735
0.6372332572937012
0.637460470199585
0.6377334594726562
0.6380520462989807
0.6384158730506897
0.6388248205184937
0.6392785310745239
0.639776885509491
0.6403197646141052
0.6409068703651428
0.6415382027626038
0.6422135233879089
0.6429328322410583
0.6436960101127625
0.6445029377937317
0.6453536748886108
0.6462481021881104
0.6471862196922302
0.6481680274009705
0.6491936445236206
0.6502630114555359
0.6513761878013611
0.6525332927703857
0.6537343263626099
0.6549795269966125
0.6562689542770386
0.6576027274131775
0.6589810252189636
0.6604039669036865
0.6618718504905701
0.6633848547935486
0.6649430990219116
0.6665470004081726
0.6681966185569763
0.669892430305481
0.6716345548629761
0.6734234094619751
0.6752593517303467
0.6771426200866699
0.6790736317634583
0.6810528039932251
0.6830804944038391
0.6851571202278137
0.6872831583023071
0.6894590854644775
0.6916853189468384
0.6939623951911926
0.6962908506393433
0.6986712217330933
0.7011040449142456
0.703589916229248
0.7061294913291931
0.7087233066558838
0.7113721370697021
0.714076578617096
0.7168373465538025
0.7196551561355591
0.7225307822227478
0.7254649996757507
0.7284586429595947
0.7315124869346619
0.7346274852752686
0.7378044128417969
0.7410442233085632
0.7443479299545288
0.74771648645401
0.7511508464813232
0.7546521425247192
0.758221447467804
0.7618598341941833
0.7655684351921082
0.7693485617637634
0.7732012867927551
0.7771280407905579
0.7811300158500671
0.7852085828781128
0.7893652319908142
0.7936012744903564
0.7979183197021484
0.8023178577423096
0.806801438331604
0.8113707900047302
0.8160275220870972
0.8207734227180481
0.825610339641571
0.830540120601654
0.8355646729469299
0.840686023235321
0.8459062576293945
0.8512274026870728
0.8566518425941467
0.8621816635131836
0.8678193688392639
0.8735674023628235
0.8794281482696533
0.8854044079780579
0.8914987444877625
0.8977140188217163
0.9040531516075134
0.9105191230773926
0.9171150922775269
0.9238441586494446
0.9307098388671875
0.937715470790863
0.9448646903038025
0.9521612524986267
0.9596090316772461
0.9672119617462158
0.9749743342399597
0.9829003810882568
0.9909946918487549
0.9992618560791016
1.0077067613601685
1.0163345336914062
1.0251502990722656
1.0341596603393555
1.0433683395385742
1.0527820587158203
1.06240713596344
1.0722501277923584
1.0823174715042114
1.0926164388656616
1.103154182434082
1.1139384508132935
1.1249769926071167
1.1362783908843994
1.1478512287139893
1.159704566001892
1.171847939491272
1.1842913627624512
1.1970453262329102
1.210120677947998
1.2235288619995117
1.2372819185256958
1.2513926029205322
1.2658740282058716
1.2807402610778809
1.2960058450698853
1.3116862773895264
1.3277976512908936
1.3443572521209717
1.361383080482483
1.3788940906524658
1.396910309791565
1.4154530763626099
1.4345448017120361
1.4542090892791748
1.4744713306427002
1.495357871055603
1.516897201538086
1.5391191244125366
1.5620555877685547
1.585740566253662
1.6102101802825928
1.6355026960372925
1.6616592407226562
1.6887236833572388
1.7167428731918335
1.7457668781280518
1.775849461555481
1.8070482015609741
1.839424967765808
1.8730465173721313
1.9079843759536743
1.9443159103393555
1.98212468624115
2.021501064300537
2.0625429153442383
2.1053566932678223
2.150057315826416
2.1967711448669434
2.2456350326538086
2.2967989444732666
2.3504271507263184
2.4067001342773438
2.465816020965576
2.527993679046631
2.593474864959717
2.662527322769165
2.7354488372802734
2.8125712871551514
2.8942654132843018
2.9809470176696777
3.0730843544006348
3.1712052822113037
3.275908946990967
3.3878769874572754
3.5078885555267334
3.636838436126709
3.775759220123291
3.925848960876465
4.08850622177124
4.2653727531433105
4.458390712738037
4.669870853424072
4.902589797973633
5.159908771514893
5.4459404945373535
5.765767574310303
6.125748634338379
6.533947944641113
7.000744819641113
7.539734840393066
8.16907787322998
8.913596153259277
9.808147430419922
10.903276443481445
12.275205612182617
14.044594764709473
16.41469955444336
19.757413864135742
24.836999893188477
33.52954864501953
52.15959548950195
130.46499633789062
0.0
-130.46499633789062
-52.15959548950195
-33.52954864501953
-24.836999893188477
-19.757413864135742
-16.41469955444336
-14.044594764709473
-12.275205612182617
-10.903276443481445
-9.808147430419922
-8.913596153259277
-8.16907787322998
-7.539734840393066
-7.000744819641113
-6.533947944641113
-6.125748634338379
-5.765767574310303
-5.4459404945373535
-5.159908771514893
-4.902589797973633
-4.669870853424072
-4.458390712738037
-4.2653727531433105
-4.08850622177124
-3.925848960876465
-3.775759220123291
-3.636838436126709
-3.5078885555267334
-3.3878769874572754
-3.275908946990967
-3.1712052822113037
-3.0730843544006348
-2.9809470176696777
-2.8942654132843018
-2.8125712871551514
-2.7354488372802734
-2.662527322769165
-2.593474864959717
-2.527993679046631
-2.465816020965576
-2.4067001342773438
-2.3504271507263184
-2.2967989444732666
-2.2456350326538086
-2.1967711448669434
-2.150057315826416
-2.1053566932678223
-2.0625429153442383
-2.021501064300537
-1.98212468624115
-1.9443159103393555
-1.9079843759536743
-1.8730465173721313
-1.839424967765808
-1.8070482015609741
-1.775849461555481
-1.7457668781280518
-1.7167428731918335
-1.6887236833572388
-1.6616592407226562
-1.6355026960372925
-1.6102101802825928
-1.585740566253662
-1.5620555877685547
-1.5391191244125366
-1.516897201538086
-1.495357871055603
-1.4744713306427002
-1.4542090892791748
-1.4345448017120361
-1.4154530763626099
-1.396910309791565
-1.3788940906524658
-1.361383080482483
-1.3443572521209717
-1.3277976512908936
-1.3116862773895264
-1.2960058450698853
-1.2807402610778809
-1.2658740282058716
-1.2513926029205322
-1.2372819185256958
-1.2235288619995117
-1.210120677947998
-1.1970453262329102
-1.1842913627624512
-1.171847939491272
-1.159704566001892
-1.1478512287139893
-1.1362783908843994
-1.1249769926071167
-1.1139384508132935
-1.103154182434082
-1.0926164388656616
-1.0823174715042114
-1.0722501277923584
-1.06240713596344
-1.0527820587158203
-1.0433683395385742
-1.0341596603393555
-1.0251502990722656
-1.0163345336914062
-1.0077067613601685
-0.9992618560791016
-0.9909946918487549
-0.9829003810882568
-0.9749743342399597
-0.9672119617462158
-0.9596090316772461
-0.9521612524986267
-0.9448646903038025
-0.937715470790863
-0.9307098388671875
-0.9238441586494446
-0.9171150922775269
-0.9105191230773926
-0.9040531516075134
-0.8977140188217163
-0.8914987444877625
-0.8854044079780579
-0.8794281482696533
-0.8735674023628235
-0.8678193688392639
-0.8621816635131836
-0.8566518425941467
-0.8512274026870728
-0.8459062576293945
-0.840686023235321
-0.8355646729469299
-0.830540120601654
-0.825610339641571
-0.8207734227180481
-0.8160275220870972
-0.8113707900047302
-0.806801438331604
-0.8023178577423096
-0.7979183197021484
-0.7936012744903564
-0.7893652319908142
-0.7852085828781128
-0.7811300158500671
-0.7771280407905579
-0.7732012867927551
-0.7693485617637634
-0.7655684351921082
-0.7618598341941833
-0.758221447467804
-0.7546521425247192
-0.7511508464813232
-0.74771648645401
-0.7443479299545288
-0.7410442233085632
-0.7378044128417969
-0.7346274852752686
-0.7315124869346619
-0.7284586429595947
-0.7254649996757507
-0.7225307822227478
-0.7196551561355591
-0.7168373465538025
-0.714076578617096
-0.7113721370697021
-0.7087233066558838
-0.7061294913291931
-0.703589916229248
-0.7011040449142456
-0.6986712217330933
-0.6962908506393433
-0.6939623951911926
-0.6916853189468384
-0.6894590854644775
-0.6872831583023071
-0.6851571202278137
-0.6830804944038391
-0.6810528039932251
-0.6790736317634583
-0.6771426200866699
-0.6752593517303467
-0.6734234094619751
-0.6716345548629761
-0.669892430305481
-0.6681966185569763
-0.6665470004081726
-0.6649430990219116
-0.6633848547935486
-0.6618718504905701
-0.6604039669036865
-0.6589810252189636
-0.6576027274131775
-0.6562689542770386
-0.6549795269966125
-0.6537343263626099
-0.6525332927703857
-0.6513761878013611
-0.6502630114555359
-0.6491936445236206
-0.6481680274009705
-0.6471862196922302
-0.6462481021881104
-0.6453536748886108
-0.6445029377937317
-0.6436960101127625
-0.6429328322410583
-0.6422135233879089
-0.6415382027626038
-0.6409068703651428
-0.6403197646141052
-0.639776885509491
-0.6392785310745239
-0.6388248205184937
-0.6384158730506897
-0.6380520462989807
-0.6377334594726562
-0.637460470199585
-0.6372332572937012
-0.6370521783828735
-0.6369175314903259
-0.636829674243927
-0.6367890238761902
-0.6367958784103394
-0.6368506550788879
-0.6369538903236389
-0.6371060013771057
-0.6373074054718018
-0.6375587582588196
-0.6378605365753174
-0.6382132768630981
-0.6386176943778992
-0.6390743255615234
-0.6395838260650635
-0.6401470303535461
-0.6407645344734192
-0.6414372324943542
-0.6421657800674438
-0.6429511904716492
-0.6437942385673523
-0.6446958780288696
-0.6456570625305176
-0.6466788053512573
-0.6477622389793396
-0.6489083170890808
-0.650118350982666
-0.651393473148346
-0.6527348756790161
-0.6541439890861511
-0.6556221842765808
-0.657170832157135
-0.6587914228439331
-0.660485565662384
-0.6622548699378967
-0.6641010642051697
-0.6660259962081909
-0.6680313944816589
-0.6701192855834961
-0.6722916960716248
-0.6745507717132568
-0.6768987774848938
-0.6793379783630371
-0.6818708181381226
-0.6844999194145203
-0.6872278451919556
-0.6900575160980225
-0.6929917931556702
-0.696033775806427
-0.6991867423057556
-0.7024539709091187
-0.7058390378952026
-0.7093456983566284
-0.7129778861999512
-0.7167396545410156
-0.7206354141235352
-0.7246695756912231
-0.7288470268249512
-0.7331727743148804
-0.7376521229743958
-0.7422906160354614
-0.7470942139625549
-0.7520691156387329
-0.7572218775749207
-0.7625594735145569
-0.7680891752243042
-0.773818850517273
-0.7797566652297974
-0.7859112620353699
-0.792292058467865
-0.7989087104797363
-0.8057717084884644
-0.8128921389579773
-0.8202818036079407
-0.8279532790184021
-0.8359198570251465
-0.8441959619522095
-0.8527967929840088
-0.8617387413978577
-0.8710392117500305
-0.8807170987129211
-0.8907924294471741
-0.9012868404388428
-0.9122236371040344
-0.9236278533935547
-0.9355266094207764
-0.9479491114616394
-0.9609269499778748
-0.9744943976402283
-0.9886887669563293
-1.003550410270691
-1.0191235542297363
-1.0354561805725098
-1.0526008605957031
-1.070615530014038
-1.0895631313323975
-1.109513521194458
-1.1305434703826904
-1.152738094329834
-1.1761914491653442
-1.2010082006454468
-1.227305293083191
-1.2552131414413452
-1.284878134727478
-1.3164653778076172
-1.3501609563827515
-1.3861761093139648
-1.4247515201568604
-1.4661619663238525
-1.5107238292694092
-1.5588020086288452
-1.6108202934265137
-1.6672735214233398
-1.728743314743042
-1.7959178686141968
-1.8696171045303345
-1.950826644897461
-2.040740966796875
-2.140822649002075
-2.2528815269470215
-2.3791840076446533
-2.5226078033447266
-2.6868622303009033
-2.8768107891082764
-3.0989606380462646
-3.3622190952301025
-3.6791129112243652
-4.067834377288818
-4.555854320526123
-5.1866984367370605
-6.033688068389893
-7.23069429397583
-9.050908088684082
-12.151806831359863
-18.617382049560547
-40.4130744934082
216.5118408203125
29.08588218688965
15.492555618286133
10.512795448303223
7.929515838623047
6.348438739776611
5.281191349029541
4.51237154006958
3.9322128295898438
3.4789013862609863
3.114967107772827
2.816375494003296
2.5669994354248047
2.3556160926818848
2.174172878265381
2.016742706298828
1.8788663148880005
1.7571237087249756
1.648848533630371
1.5519312620162964
1.4646809101104736
1.3857264518737793
1.3139441013336182
1.248404622077942
1.188332438468933
1.1330753564834595
1.0820811986923218
1.0348788499832153
0.9910645484924316
0.9502898454666138
0.9122526049613953
0.876689612865448
0.8433705568313599
0.8120930790901184
0.7826786637306213
0.7549694180488586
0.728825032711029
0.7041208148002625
0.6807453632354736
0.658599317073822
0.637593686580658
0.6176490187644958
0.5986943244934082
0.5806666612625122
0.5635104179382324
0.5471775531768799
0.531627357006073
0.5168278217315674
0.5027568936347961
0.48940587043762207
0.4767856001853943
0.4649389088153839
0.4539666175842285
0.44408905506134033
0.4358130395412445
0.4305008053779602
0.4332146644592285
0.4897072911262512
0.27961277961730957
0.336767315864563
0.3408743143081665
0.33766162395477295
0.33219775557518005
0.3258551061153412
0.31915372610092163
0.3123300075531006
0.30550411343574524
0.29874128103256226
0.29207843542099
0.28553664684295654
0.2791275978088379
0.2728574275970459
0.26672857999801636
0.2607412338256836
0.2548940181732178
0.24918466806411743
0.2436102032661438
0.23816724121570587
0.23285219073295593
0.22766131162643433
0.22259078919887543
0.217636838555336
0.2127956598997116
0.20806357264518738
0.203436940908432
0.19891220331192017
0.19448594748973846
0.1901548206806183
0.18591560423374176
0.18176516890525818
0.1777004897594452
0.17371866106987
0.16981688141822815
0.16599242389202118
0.16224266588687897
0.15856510400772095
0.15495730936527252
0.15141691267490387
0.14794164896011353
0.14452937245368958
0.1411779373884201
0.13788533210754395
0.1346495896577835
0.13146881759166718
0.1283411830663681
0.12526492774486542
0.12223832309246063
0.11925972253084183
0.11632753163576126
0.11344020813703537
0.11059623956680298
0.10779419541358948
0.10503265261650085
0.10231024771928787
0.09962567687034607
0.09697764366865158
0.09436491131782532
0.09178626537322998
0.08924054354429245
0.0867265909910202
0.0842433050274849
0.08178960531949997
0.07936444878578186
0.0769667997956276
0.07459566742181778
0.07225007563829422
0.0699290856719017
0.06763175874948502
0.06535720080137253
0.0631045252084732
0.06087286397814751
0.058661382645368576
0.05646924674510956
0.05429564788937569
0.05213979631662369
0.050000905990600586
0.04787822067737579
0.04577098786830902
0.04367847368121147
0.04159994795918465
0.03953470662236214
0.037482041865587234
0.035441264510154724
0.033411696553230286
0.0313926637172699
0.029383501037955284
0.027383558452129364
0.025392185896635056
0.023408744484186172
0.021432597190141678
0.01946311816573143
0.017499683424830437
0.015541675500571728
0.013588480651378632
0.0116394879296422
0.009694091975688934
0.007751688826829195
0.005811676848679781
0.0038734565023332834
0.001936429995112121