0.3
0.7042846460205274
1.7130013956215233
0.7466311520090787
0.5308653113863613
-0.7929545290935307
-0.47949221654675384
-0.971735359062549
-0.14963194208441372
-0.6090056247459794
0.11023447323727331
-0.19798626631344285
0.903646052165829
0.7524533608414216
1.344998659085052
0.10279860039545713
-0.3037461821889608
-1.6740336114270624
-1.1066061072957467
-0.9663816725237944
0.6719916445802875
0.7871217769729348
1.436007590498889
0.360451463325852
0.3751145846371713
-0.5822023661421715
-0.09877764710103215
-0.7622640737499016
-0.3027836394968739
-0.9832475426104446
-0.1501038861106786
-0.1028481223316049
1.2708508912739571
1.070459672450193
1.324581899167835
-0.23874220605811236
-0.6729143608406327
-1.7425188789936255
-0.819998676545565
-0.5729438484563167
0.8219363207716199
0.571560697285789
1.046418329013464
0.15117709875461466
0.524661872590394
-0.20614964993785023
0.156540754561436
-0.8536731642801951
-0.6678118119611044
-1.2881179781347494
-0.12505512946768604
0.2430697330037923
1.627371538356055
1.1292593403553428
1.023675871350077
-0.6288365216342129
-0.8189615229624388
-1.5113451773575428
-0.42744929845041285
-0.35805142389984407
0.6643858565248871
0.19685515750405513
0.7842097415082048
0.24579693189230023
0.8804529617891108
0.09828798740734018
0.12267298295473322
-1.190802314435482
-1.0196988873096586
-1.3291357990044959
0.17617359643173486
0.6350430206835085
1.7552909115585773
0.8917599822115421
0.6190707837592361
-0.834263762716402
-0.6598786599366867
-1.122770151844502
-0.1687767706574137
-0.4455683258842812
0.30175817147099065
-0.09952770192912558
0.8104771199450532
0.5855515343833566
1.216231711656546
0.1387939322475495
-0.18747132385017462
-1.567047325764829
-1.1420801574050703
-1.0728776227791754
0.5743404472790548
0.8407311104673432
1.5760981791051303
0.5031498587063958
0.3504121037324609
-0.734356386546539
-0.30138150430170657
-0.8148003588938331
-0.20229973370861432
-0.7731946216520285
-0.03845892159877412
-0.1275270833067904
1.1086594781861037
0.9619573344300478
1.3172857537148424
-0.114428966500503
-0.592190790690089
-1.7510545931243087
-0.9599091180288098
-0.6674812385420454
0.8300846244219546
0.7426369533865687
1.1988384382186665
0.2018622861502477
0.3732618138985521
-0.39499915726632445
0.02792260542620395
-0.7752566152519453
-0.5077490458386504
-1.1306780014022115
-0.14319283736341382
0.13895823613064617
1.4947035485008293
1.1446374297983382
1.1121162348483224
-0.5103956436827064
-0.8523989046041166
-1.6285942019937685
-0.5854655147442853
-0.35182027084878853
0.7907089384344532
0.41014366742661623
0.8532577177836527
0.17336068777030622
0.6637212743093567
-0.0282391275274122
0.116726157742567
-1.0266152302246865
-0.8986857028635784
-1.2887505579030745
0.05557044250156751
0.5460523632004894
1.7299347288039042
1.0225746465099093
0.7162931345698963
-0.8099322374448206
-0.8182160464234809
-1.2726165921484789
-0.24949450641425958
-0.30904314151192963
0.483823705759206
0.05695577623383624
0.7489380118003899
0.43640171733907657
1.0330998584387243
0.13772699169085162
-0.09939268290725417
-1.4122391647754975
-1.1368098142498482
-1.1397282089642091
0.4390938219810346
0.8542422625987733
1.667423716554811
0.6721720709234523
0.36160451397765503
-0.8323483729043447
-0.5208583846849438
-0.8985347676021065
-0.15970169886544228
-0.5542845740833775
0.10043052603076938
-0.08995828739214218
0.9467991378700102
0.8315187025313666
1.2436346670091323
-0.0015341869840103106
-0.4984504753509895
-1.6924419673216702
-1.0780676842759103
-0.7635586954702844
0.774712692873027
0.8852270679043133
1.342098370399824
0.31038714204719464
0.2539445403734725
-0.5662504287158505
-0.15347843169686676
-0.73215245223469
-0.3733733894432518
-0.9254036504604344
-0.12218127614928909
0.07044065585426743
1.3217610050436137
1.1187872923089386
1.154303208314527
-0.3626724309389944
-0.8468381926531936
-1.6914790799566224
-0.7609658091349237
-0.3788181894976329
0.8585199951299295
0.6312304150154442
0.9493451372286031
0.1616770249796861
0.4470817189878465
-0.17654624987349998
0.0472943137047252
-0.8712231238221243
-0.7622299487728276
-1.1824276748706117
-0.04591900140450786
0.4512854818129437
1.6394613090600818
1.1249245597724888
0.8073182496649679
-0.7256827475892103
-0.9425461926690544
-1.4053329981837577
-0.38293869130638014
-0.2087047811036075
0.6404197597516953
0.2597467526861301
0.7252213416793364
0.32034296678499496
0.8097111865922106
0.09665397885406479
-0.05352540797895272
-1.2255303254562047
-1.0910639326757203
-1.1547238899023209
0.28345760557771343
0.8310455447382448
1.6999861344780753
0.849522090039086
0.4022670740939922
-0.8688316705844275
-0.7390105744145044
-1.0041995350439237
-0.17926154540247854
-0.3442000799210688
0.254867601928479
0.010811325077118433
0.8017307601779069
0.6926826379193635
1.10599415559704
0.08524791138659518
-0.4064823393619448
-1.5722312637868068
-1.1619429845151912
-0.8456548884166759
0.6644189990463388
0.9893414889593538
1.4604793595482297
0.46527218068359244
0.17375257916224526
-0.7046455763398738
-0.37363978730795055
-0.7281505532026653
-0.27875737544595014
-0.6883066400872613
-0.06155165461381393
0.049786828156531376
1.1259058120915313
1.0544220943617124
1.1401985203183673
-0.2038052968147414
-0.8079792314187049
-1.6925275194441072
-0.9355539903078189
-0.4305440855992011
0.8632668783133592
0.8420520387259163
1.0614480366602055
0.2120485442706706
0.24756525238680252
-0.33357440164312757
-0.08352938574544844
-0.7399515318140188
-0.6247773470040753
-1.015554108603912
-0.11516882644667079
0.3659364346110938
1.4923141789273282
1.1882108119632697
0.876748503704952
-0.5927791128719528
-1.0250915485481573
-1.5058577991577726
-0.5552816884249678
-0.14919870162435328
0.757462739466261
0.49286687362706916
0.7406334787035055
0.24979015855264966
0.5635796796568955
0.017575338837855226
-0.060047813882262435
-1.0252845098964336
-1.0099085210107739
-1.1102854800458992
0.12604210518911385
0.7789771935280616
1.6690570469671084
1.0168694595337564
0.4620701203316465
-0.8421883227398325
-0.9383634593000749
-1.1193271082641614
-0.25925710256827594
-0.1588938691248336
0.410796338883869
0.1696740429283967
0.6872612429623738
0.5603983726553604
0.912654488125218
0.13468614966283962
-0.3314597227069054
-1.401558486753399
-1.2031266599160106
-0.8989277411819956
0.5128560918364397
1.0495954438272055
1.539998129460277
0.6506844581281092
0.13483694631516494
-0.79766925720466
-0.615024299754586
-0.7620628070383384
-0.234306842196412
-0.43796627463974036
0.03430148182564083
0.08478856937987964
0.9260421994150934
0.9588029967292642
1.0649089698127712
-0.05240734389150442
-0.745561022941302
-1.6299047223935312
-1.0914255252312626
-0.4951398879446356
0.8063319690547605
1.0261575273695838
1.176010082737395
0.3197489431973891
0.07965238062527585
-0.48466609429668095
-0.26773010178934503
-0.6447495728932751
-0.5013600683468524
-0.7991325286819237
-0.1431149774841833
0.3047286420417433
1.3020538269974617
1.2064118928418912
0.9107184531285286
-0.42692675323127616
-1.0629737907578178
-1.5616825321406187
-0.7490772671702204
-0.1301539248608928
0.8243619152313042
0.7376545356053131
0.7915506751855281
0.23283803013593618
0.31388869539808506
-0.09286251661195233
-0.12412955199613526
-0.8304747537095428
-0.9025804356438342
-1.0043654598200813
-0.01500218140007159
0.7093913275660672
1.5757722324405108
1.157378157564448
0.5279714875283615
-0.7567916152164984
-1.1038937484322535
-1.2296597093207466
-0.3920543289778619
-0.011022847651088435
0.5533727767393298
0.37588852698881314
0.6131955925905056
0.4493546442607391
0.6770717898091612
0.14009507178329972
-0.28723522809078517
-1.1960801847356046
-1.1981136939007047
-0.9108873238880628
0.3373957298479926
1.0656609366144751
1.5699821728043024
0.8479956071508841
0.1343473436170577
-0.8369643851147859
-0.8583065183548783
-0.8279566120827764
-0.24556098626904704
-0.19369624679175174
0.15668510386560203
0.17782356598790394
0.7407419772029182
0.8428674557134245
0.9293206626338831
0.07428326490670659
-0.6722190673471229
-1.507718971284067
-1.2131265248289118
-0.5587583651620881
0.6949943590895117
1.1703143455981107
1.2784813381696014
0.47440637872890284
-0.04612340002965609
-0.6152142153980321
-0.49208939899795795
-0.5930518393416109
-0.40590285987214425
-0.5487520312950632
-0.12559591136418735
0.28024276938198756
1.086052337123035
1.1785991963718434
0.8984794634438645
-0.24673642367141946
-1.0583885304273273
-1.5642865096388936
-0.9449741635532068
-0.14635224747788267
0.8352470157306334
0.9745954500775696
0.8699224845008465
0.2722902437746523
0.0796082489474202
-0.2241824150984097
-0.2452572652388507
-0.6588153583653028
-0.7813946373051933
-0.8407970568401644
-0.12377196764969504
0.6358342007130123
1.4271389208435679
1.2573505230830906
0.5857222260757359
-0.6226675558459017
-1.2244723965295978
-1.320775280327634
-0.5647829480915096
0.09124359642897749
0.668646670490721
0.6140712164912812
0.5844373160040519
0.372308966829718
0.4165941893444407
0.09991274379566473
-0.2847472324268678
-0.9744610226997359
-1.1485408843708846
-0.8728489204111738
0.1574304181351787
1.0421609656010284
1.544324466140325
1.0376070512408255
0.16487447734756994
-0.8193377292638645
-1.0842605826422373
-0.9159134655474326
-0.3124775448931984
0.02633928351269945
0.29365025843605275
0.32546208135064847
0.5864310611095915
0.7199457846821085
0.7401522347684016
0.16208270811032927
-0.6020130555079519
-1.3357289397473395
-1.2890406445944396
-0.6071654458777331
0.5417980822369314
1.2657515173212293
1.3549869020231555
0.6609550251870575
-0.1241324496494012
-0.7123305913310872
-0.7394252991443375
-0.587139542480727
-0.3496211506633759
-0.28310185028832224
-0.06365379959713012
0.3014455331973092
0.8638123303811583
1.1088937067218743
0.8336812496813127
-0.0719068923593787
-1.018223402179013
-1.5101768499067263
-1.1236062719796875
-0.18843039827834518
0.7897236753112694
1.1852195212071144
0.9642638841519199
0.3652211717020815
-0.12234191338436529
-0.36331718544958747
-0.4171343473839294
-0.5250493383393294
-0.6603055907000691
-0.6290485872229843
-0.18813980261371163
0.5724658750367037
1.235449239699693
1.3075194551021279
0.6215215357295396
-0.45458492489548724
-1.2938766328779927
-1.3797530693205342
-0.7605404217402278
0.14492195429241891
0.7451711523080701
0.8656539130207608
0.6006255449987625
0.3385985771416773
0.15080070841707394
0.017719067007252925
-0.3307115543430676
-0.7565668497433288
-1.0608645694369663
-0.7810074774478033
-0.00751642176913566
0.9880232748483949
1.4622796284238135
1.2008569096118964
0.2153917871019397
-0.7472435384763195
-1.2756176720588552
-1.0132266824983844
-0.42928448235824296
0.20686878932339545
0.43139651574163845
0.5186641467415518
0.47582137906817595
0.6042071494630709
0.509415064921396
0.20120068318249892
-0.5487859874102938
-1.1284770323072129
-1.312454173845103
-0.6274022656591431
0.3633862841863226
1.3089156110421
1.3939436535635172
0.8610614023636793
-0.15407217304746487
-0.7663524333611124
-0.9902306443201467
-0.6240614305691662
-0.3396859764637944
-0.022177545875997073
0.03672874945322552
0.3725806044841175
0.655080128653297
1.0058750755510883
0.715209031908639
0.07868924139745348
-0.9531663667476431
-1.4014179126780597
-1.267467666480873
-0.24403463028046649
0.6930706402030876
1.3538715905696828
1.0610251113414466
0.5031232255910316
-0.2786973433802725
-0.49613884136977626
-0.6281721876318851
-0.4395644024796486
-0.5532807672395667
-0.383401964251904
-0.20087024209039145
0.5324020049399734
1.017154508491017
1.3038600869117412
0.6236401371300704
-0.2706625286983179
-1.3112717805852905
-1.3966969372437872
-0.9600047919356469
0.15235329456217134
0.7753642782362661
1.1106614890918693
0.6563399658262584
0.3529965004512897
-0.10037971601532604
-0.09830025562026302
-0.4267427939295278
-0.5615459485938544
-0.9455185606710282
-0.6370134456408868
-0.139680276578736
0.9153686738388469
1.3287107440039787
1.3218154688692818
0.2725904783461748
-0.6286872179477577
-1.4187051472367842
-1.1059052330521226
-0.5849209751087937
0.336939824334319
0.5558835596286419
0.743553792268156
0.4167455934750608
0.5090054884353745
0.25332986856164563
0.1871059876579581
-0.5245343809831879
-0.903932461683793
-1.282094767473996
-0.6093250182205782
0.17891644448481037
1.301667594788228
1.3874479205378887
1.0548830360951504
-0.14081950586577063
-0.7720210567931002
-1.224545108134681
-0.6961153673455385
-0.3783033697216912
0.2146393734522764
0.1654213634345972
0.4925455659186462
0.4779438531378926
0.8815126237656211
0.5474808791971514
0.18882301759145073
-0.8764053962000803
-1.2455870223626713
-1.3625830262635106
-0.29929893545733705
0.5558504977522475
1.4691776198240147
1.146187780681217
0.6726318111303102
-0.3810610294956866
-0.6091080082600798
-0.8625289020048128
-0.4074752404545121
-0.47266468172062664
-0.12163403061701587
-0.16021393875169404
0.5261575364749339
0.7913109811678893
1.2478433194311633
0.5838339091262025
-0.09063229473979156
-1.2811199362737762
-1.3659487165208177
-1.143294664550145
0.12077543382717607
0.7564717718100369
1.329630718162117
0.7418443201434441
0.4150405952368683
-0.3185792525235388
-0.23638008221006415
-0.5690053801694033
-0.40599225292951124
-0.8156484714467651
-0.4479817584670064
-0.22475461885175524
0.8380584681194831
1.153753148832962
1.388788415053486
0.32245983306558346
-0.47655139369948724
-1.5047030325237556
-1.1803179388904133
-0.7640291841277282
0.4108868297101964
0.6544728411340329
0.9826968399768905
0.4115091934761443
0.445306923427184
-0.009194396937813931
0.12083542954197357
-0.5379686204255558
-0.6817787200990167
-1.2020950974936944
-0.5468529880656083
0.008215237850079493
1.2509077788786271
1.3322804330308002
1.2229826218006412
-0.09373610565106799
-0.7292011804374623
-1.4238721518570707
-0.7918320773861255
-0.4623128177812021
0.41043463086952425
0.3093768060900106
0.6548283025541111
0.34710828418640005
0.7497384771336417
0.3401660543343449
0.24644691391907034
-0.8020640763546016
-1.0551531752724594
-1.3998059669053815
-0.3404836462469376
0.39296686384823987
1.5250602931691803
1.206911668795874
0.85675973116724
-0.4266033243576268
-0.6908623831461096
-1.101594445698809
-0.4282605159459236
-0.42771327391280217
0.1366687915653867
-0.06992523490764449
0.56036379185742
0.5777522819057952
1.1461125805421135
0.49839129323760156
0.06606735617175377
-1.212533122803858
-1.2868561657701498
-1.2918889846505492
0.06138154811030355
0.6910218395925514
1.505476719043825
0.8442823617027031
0.5189140662080307
-0.48873956297501264
-0.3825767076941169
-0.7484390175455681
-0.3023754210031697
-0.6855634018776098
-0.225924955896477
-0.2532288022480461
0.7700616143625724
0.9519224540469451
1.3953779699760325
0.3519387596262552
-0.30740712186604807
-1.530393920795458
-1.22479729210416
-0.948400682312381
0.4287467087784992
0.7174188378382298
1.216756104878554
0.45681996206636655
0.42037187149853367
-0.25836761369407274
0.008721654151382568
-0.5934227096712235
-0.48151726781326637
-1.081393280294904
-0.438785619785255
-0.1301411988062723
1.1676762948295878
1.2304149644574764
1.3482046790804278
-0.025507284598070307
-0.6430572268417052
-1.5729476362567303
-0.8973496903971654
-0.5833549971412714
0.5523605753922671
0.45416279471914267
0.8480175549774903
0.272519639264442
0.624820730056332
0.10734589209963422
0.2447994738658776
-0.7435454797881516
-0.8463359551125246
-1.3756169313805116
-0.35559427571185787
0.22225904219613124
1.5212054019046997
1.2330511779107904
1.0365193969613782
-0.41818417934413143
-0.7335693864697825
-1.3257741448548013
-0.49598468175216653
-0.4234605723647151
0.3719935388156169
0.06129059958365368
0.6369016971200505
0.395172487198733
1.0096257485238551
0.3686964458397235
0.18217558031726377
-1.1181468513677628
-1.1640068754267716
-1.3904129382427861
-0.012027905490564622
0.5867163272359646
1.6251189589462716
0.9491926858380331
0.6538979515465289
-0.6005218967682706
-0.5223881718622626
-0.9515428156065621
-0.2578947070872829
-0.569075540503909
0.013337964350063208
-0.22123217712215132
0.7238210441087247
0.740752561942404
1.340998395539616
0.35045717957960587
-0.13992720051217045
-1.4983354581737824
-1.2310265347486349
-1.1187335103269966
0.39608643490754347
0.7390454085676748
1.4263580529743423
0.5442943406863409
0.4368381486609605
-0.47542965927241926
-0.13842367012461776
-0.6902358147687393
-0.32057875240721545
-0.9326408984989651
-0.28909494240941924
-0.22062778901964053
1.0658314347607614
1.088969403547956
1.4173254051497302
0.04935553182193658
-0.5236603058118997
-1.6611821450458675
-0.9980269099708186
-0.7285989532403426
0.6328216075732308
0.5856260751898158
1.0568417964826873
0.2584769392639073
0.5197152628137605
-0.13380242725779148
0.182968480782719
-0.71196600918611
-0.6375567679544338
-1.2923445587723166
-0.3358028269270962
0.06277405765417099
1.4629377446285128
1.218374496690422
1.192770150151816
-0.3638925514974145
-0.7338932662447151
-1.5163910023076084
-0.6000736512297411
-0.46004432679802737
0.5667913195550511
0.22083479651051008
0.752549836214885
0.2593135626131308
0.852359976048803
0.2012413617228725
0.2442803268100011
-1.0126400095604637
-1.0068959673760052
-1.4281099737988743
-0.08465077918263664
0.4557620989388507
1.6807035955427945
1.0421757787767247
0.805355586593905
-0.6492383301043017
-0.6424163093087264
-1.1616432620945063
-0.27386950740120586
-0.4779095614475206
0.2516898615190295
-0.13080322857037968
0.7087982186348987
0.5390992682725603
1.2307991592934493
0.31119790350498633
0.006939177609286085
-1.4164447192885143
-1.1950569005361498
-1.2565227037681588
0.32326820413993157
0.7184763221645262
1.5939822356631643
0.6614801450690877
0.4923087095756015
-0.644472259695872
-0.3065781992317996
-0.8226778808381127
-0.21263283034536218
-0.7707405994635237
-0.10665533125652787
-0.2522699809054
0.9604519435765297
0.9195971378497361
1.4223096760687128
0.11618428009588122
-0.385059949683485
-1.6836327513558282
-1.0801181680992622
-0.8819595304101315
0.6501283245075677
0.6915068176786048
1.263634484835431
0.3033161497937737
0.44457644980341476
-0.3646681022556253
0.06586062530664416
-0.7148508163127225
-0.44763797585181814
-1.1577943473734567
-0.2765152079579535
-0.06710948455233184
1.3605266271582883
1.161350375815306
1.3081036752723407
-0.2760583804491389
-0.6934680978593257
-1.657513963205667
-0.7265558850722458
-0.5325683858235978
0.7071838866218002
0.39365920379199526
0.8991912238173622
0.18144062334778482
0.6897223332836635
0.007078799874907893
0.24410802175175572
-0.9110633973201836
-0.8290556468890493
-1.3998521531015764
-0.14237086750376515
0.3137060777643414
1.6703005701118308
1.1105314150674708
0.9561523965218685
-0.6362131047749371
-0.7318892504297909
-1.3605195917996777
-0.34572388201493853
-0.4203555662937342
0.47048920751423673
0.01043787722385836
0.7303554445628824
0.3652809852513924
1.0750104469150388
0.23193983174001187
0.11584529542108524
-1.2970447179200406
-1.1178416044937978
-1.3458922703812266
0.22423587065120804
0.6598367188669453
1.7056815684130298
0.7932817152900977
0.5794937959801146
-0.7539866693594048
-0.4800891374150569
-0.980433581852721
-0.16626768823982913
-0.6111732676668944
0.09556741758485926
-0.21969102592609902
0.8661374451755685
0.7373763226349697
1.3610494930363752
0.16181398660266993
-0.24391180902128629
-1.6414084549252261
-1.1323285468212607
-1.0256834285099283
0.608557933466112
0.7628275585255851
1.450078006633733
0.3996940771326033
0.40558934932286284
-0.5670465220796066
-0.09641301567629107
-0.7552339564523829
-0.2939329617475772
-0.9843297016970944
-0.17796654307552107
-0.15151471067016248
1.2279999631605087
1.0654138466269354
1.3685754799430057
-0.16984692439824223
-0.6188210294407783
-1.7375260880003305
-0.8596325869560126
-0.6315221978001567
0.7843128561500237
0.5639395203067951
1.0645629693916
0.16725929635641268
0.5368390423867321
-0.19923237567353458
0.17930206458624692
-0.8271582733307814
-0.6467322482725428
-1.3065884654912203
-0.17334456576544333
0.17789058903903382
1.5980079535336793
1.1446887269730608
1.0883675606233338
-0.5685417888334806
-0.7838788336093649
-1.5302214664751963
-0.46356106940924335
-0.4003126330692683
0.6524285683872055
0.19017340549929707
0.7890988849704144
0.2352463491681679
0.8877852522924738