3.374777317047119
3.375088691711426
3.376023054122925
3.3775811195373535
3.379765272140503
3.382577419281006
3.3860208988189697
3.3900997638702393
3.3948185443878174
3.4001827239990234
3.406198263168335
3.412872314453125
3.420212745666504
3.428227663040161
3.4369266033172607
3.4463202953338623
3.4564194679260254
3.4672367572784424
3.4787847995758057
3.4910781383514404
3.50413179397583
3.5179622173309326
3.5325870513916016
3.548024892807007
3.564296007156372
3.5814218521118164
3.5994253158569336
3.618330478668213
3.6381638050079346
3.6589529514312744
3.680727481842041
3.7035186290740967
3.727360486984253
3.752288579940796
3.7783408164978027
3.805558204650879
3.833983898162842
3.863664388656616
3.894648551940918
3.9269893169403076
3.9607431888580322
3.995969772338867
4.032733917236328
4.071104049682617
4.111154556274414
4.152964115142822
4.19661808013916
4.242207050323486
4.289829254150391
4.339591026306152
4.391605377197266
4.445995330810547
4.502894401550293
4.562445640563965
4.624804496765137
4.690140247344971
4.758636474609375
4.830493450164795
4.905928611755371
4.985180377960205
5.068509578704834
5.1562018394470215
5.248571872711182
5.34596586227417
5.448766708374023
5.55739688873291
5.672326564788818
5.794078350067139
5.92323637008667
6.060452938079834
6.2064619064331055
6.362090587615967
6.5282745361328125
6.706075191497803
6.89670467376709
7.1015496253967285
7.322207927703857
7.560525894165039
7.818653583526611
8.099105834960938
8.404842376708984
8.739377975463867
9.106908798217773
9.512494087219238
9.962285041809082
10.46384048461914
11.026549339294434
11.662223815917969
12.385934829711914
13.217217445373535
14.181856155395508
15.314603805541992
16.663454055786133
18.296600341796875
20.314329147338867
22.87041473388672
26.213247299194336
30.771867752075195
37.356666564941406
47.704166412353516
66.32920837402344
109.78541564941406
327.02935791015625
-324.86798095703125
-107.51031494140625
-64.04413604736328
-45.41521453857422
-35.064842224121094
-28.47720718383789
-23.91549301147461
-20.569189071655273
-18.009199142456055
-15.987091064453125
-14.349065780639648
-12.994812965393066
-11.85611343383789
-10.8849515914917
-10.046548843383789
-9.315093040466309
-8.67101764678955
-8.09921932220459
-7.587849140167236
-7.127474784851074
-6.7104926109313965
-6.330698490142822
-5.982975482940674
-5.663061141967773
-5.367368698120117
-5.09285306930542
-4.836906433105469
-4.597271919250488
-4.371979713439941
-4.1592936515808105
-3.95766544342041
-3.765697717666626
-3.582113265991211
-3.4057254791259766
-3.235412120819092
-3.070091485977173
-2.9086954593658447
-2.7501440048217773
-2.593312978744507
-2.4369990825653076
-2.279874563217163
-2.1204278469085693
-1.9568860530853271
-1.7871044874191284
-1.6084105968475342
-1.4173716306686401
-1.209439992904663
-0.9783912897109985
-0.7153955101966858
-0.40740641951560974
-0.03420358523726463
0.437448114156723
1.0664321184158325
1.9681496620178223
3.404067039489746
6.120416164398193
13.444242477416992
113.78903198242188
-23.652570724487305
-11.944513320922852
-8.44156265258789
-6.740596294403076
-5.72634220123291
-5.04689884185791
-4.556012153625488
-4.181986331939697
-3.8855299949645996
-3.6433000564575195
-3.440547466278076
-3.2674918174743652
-3.1173863410949707
-2.985424041748047
-2.868084669113159
-2.7627289295196533
-2.667337656021118
-2.580338716506958
-2.50048828125
-2.426788806915283
-2.3584296703338623
-2.294745683670044
-2.23518443107605
-2.1792831420898438
-2.1266510486602783
-2.076955795288086
-2.029911518096924
-1.9852721691131592
-1.942823886871338
-1.9023795127868652
-1.8637752532958984
-1.826865792274475
-1.7915229797363281
-1.7576321363449097
-1.7250908613204956
-1.6938073635101318
-1.6636987924575806
-1.6346901655197144
-1.6067135334014893
-1.579707145690918
-1.5536144971847534
-1.5283840894699097
-1.5039684772491455
-1.480324149131775
-1.4574108123779297
-1.4351915121078491
-1.4136316776275635
-1.3926997184753418
-1.372365951538086
-1.3526026010513306
-1.3333841562271118
-1.3146865367889404
-1.2964870929718018
-1.2787648439407349
-1.2615001201629639
-1.2446740865707397
-1.2282694578170776
-1.2122695446014404
-1.196658968925476
-1.1814228296279907
-1.166547417640686
-1.1520195007324219
-1.1378264427185059
-1.1239566802978516
-1.1103988885879517
-1.097142219543457
-1.084176778793335
-1.0714927911758423
-1.059080958366394
-1.046932578086853
-1.0350393056869507
-1.023393154144287
-1.0119863748550415
-1.0008116960525513
-0.9898621439933777
-0.9791309833526611
-0.9686117768287659
-0.9582984447479248
-0.9481849670410156
-0.9382658004760742
-0.9285354018211365
-0.9189885854721069
-0.9096202850341797
-0.9004257321357727
-0.8914002180099487
-0.8825392127037048
-0.8738385438919067
-0.8652939200401306
-0.8569014072418213
-0.8486570715904236
-0.8405572175979614
-0.8325982689857483
-0.8247766494750977
-0.8170891404151917
-0.8095324039459229
-0.8021033406257629
-0.7947988510131836
-0.7876160740852356
-0.7805521488189697
-0.7736042737960815
-0.7667698860168457
-0.7600463032722473
-0.7534310817718506
-0.7469217777252197
-0.7405160069465637
-0.7342116236686707
-0.7280063033103943
-0.7218979001045227
-0.7158843874931335
-0.7099637389183044
-0.704133927822113
-0.6983931660652161
-0.6927394866943359
-0.687171220779419
-0.6816864609718323
-0.6762836575508118
-0.6709610223770142
-0.6657170653343201
-0.6605502367019653
-0.6554588675498962
-0.6504416465759277
-0.6454969644546509
-0.6406235694885254
-0.6358200311660767
-0.6310850381851196
-0.6264172792434692
-0.6218155026435852
-0.6172784566879272
-0.6128049492835999
-0.6083937883377075
-0.6040439009666443
-0.5997541546821594
-0.5955234169960022
-0.5913506746292114
-0.5872349143028259
-0.5831750631332397
-0.5791701674461365
-0.5752193331718445
-0.5713214874267578
-0.5674758553504944
-0.563681423664093
-0.5599374175071716
-0.5562429428100586
-0.552597165107727
-0.5489992499351501
-0.5454484820365906
-0.5419439673423767
-0.538485050201416
-0.5350709557533264
-0.5317009687423706
-0.5283743143081665
-0.5250903367996216
-0.5218484401702881
-0.5186478495597839
-0.5154879093170166
-0.5123680830001831
-0.5092876553535461
-0.5062460899353027
-0.5032427310943604
-0.5002769827842712
-0.4973483681678772
-0.4944562613964081
-0.4916001260280609
-0.4887794256210327
-0.4859936237335205
-0.4832422137260437
-0.4805247187614441
-0.4778406023979187
-0.4751893877983093
-0.47257062792778015
-0.46998387575149536
-0.467428594827652
-0.46490442752838135
-0.46241089701652527
-0.4599475562572479
-0.4575140178203583
-0.4551098346710205
-0.45273464918136597
-0.4503880441188812
-0.44806963205337524
-0.445779025554657
-0.4435158669948578
-0.4412797689437866
-0.43907037377357483
-0.43688735365867615
-0.4347303509712219
-0.4325990080833435
-0.43049299716949463
-0.4284120202064514
-0.4263557195663452
-0.42432379722595215
-0.42231595516204834
-0.4203318655490875
-0.4183712601661682
-0.41643384099006653
-0.4145192801952362
-0.41262733936309814
-0.41075775027275085
-0.40891018509864807
-0.4070844352245331
-0.405280202627182
-0.40349727869033813
-0.4017353355884552
-0.3999941945075989
-0.3982735574245453
-0.3965732157230377
-0.39489293098449707
-0.3932324945926666
-0.3915916383266449
-0.38997015357017517
-0.38836783170700073
-0.3867844343185425
-0.3852197825908661
-0.38367363810539246
-0.38214582204818726
-0.3806360960006714
-0.3791443109512329
-0.3776702582836151
-0.3762137293815613
-0.3747745454311371
-0.3733525276184082
-0.3719474971294403
-0.3705592751502991
-0.36918768286705017
-0.3678325414657593
-0.36649370193481445
-0.365170955657959
-0.3638642132282257
-0.3625732362270355
-0.3612979054450989
-0.36003807187080383
-0.35879358649253845
-0.3575642704963684
-0.35635000467300415
-0.35515061020851135
-0.35396599769592285
-0.35279595851898193
-0.3516404330730438
-0.3504992127418518
-0.3493722081184387
-0.348259299993515
-0.34716030955314636
-0.3460751473903656
-0.3450036942958832
-0.34394577145576477
-0.342901349067688
-0.3418702483177185
-0.3408523499965668
-0.3398475646972656
-0.3388557732105255
-0.3378768563270569
-0.3369107246398926
-0.33595722913742065
-0.33501631021499634
-0.33408787846565247
-0.3331717550754547
-0.3322679102420807
-0.33137622475624084
-0.330496609210968
-0.32962894439697266
-0.32877317070961
-0.32792916893959045
-0.3270968794822693
-0.32627615332603455
-0.32546699047088623
-0.32466921210289
-0.3238828182220459
-0.32310768961906433
-0.32234370708465576
-0.3215908706188202
-0.3208490312099457
-0.32011815905570984
-0.3193981647491455
-0.3186889588832855
-0.3179904520511627
-0.3173026442527771
-0.3166253864765167
-0.3159586489200592
-0.31530237197875977
-0.31465646624565125
-0.31402087211608887
-0.31339552998542786
-0.31278038024902344
-0.31217533349990845
-0.3115803599357605
-0.3109953999519348
-0.31042036414146423
-0.30985522270202637
-0.30929988622665405
-0.3087543547153473
-0.30821850895881653
-0.30769234895706177
-0.30717578530311584
-0.306668758392334
-0.3061712682247162
-0.3056831955909729
-0.3052045404911041
-0.3047352433204651
-0.304275244474411
-0.3038245141506195
-0.3033829927444458
-0.3029506206512451
-0.30252736806869507
-0.3021131753921509
-0.30170801281929016
-0.30131182074546814
-0.3009245693683624
-0.30054619908332825
-0.3001766502857208
-0.29981592297554016
-0.2994639277458191
-0.29912063479423523
-0.2987859845161438
-0.2984599471092224
-0.2981424331665039
-0.2978334426879883
-0.2975328862667084
-0.2972407042980194
-0.2969568371772766
-0.2966811954975128
-0.29641374945640564
-0.2961543798446655
-0.2959030270576477
-0.29565954208374023
-0.29542383551597595
-0.2951957881450653
-0.2949751913547516
-0.29476189613342285
-0.2945556640625
-0.29435622692108154
-0.2941632568836212
-0.2939763069152832
-0.2937949001789093
-0.293618381023407
-0.2934458553791046
-0.29327619075775146
-0.29310789704322815
-0.29293888807296753
-0.292766273021698
-0.29258593916893005
-0.29239171743392944
-0.2921743094921112
-0.29191893339157104
-0.29160088300704956
-0.29117652773857117
-0.29056254029273987
-0.28958308696746826
-0.2878110706806183
-0.28396499156951904
-0.2724914252758026
-0.1922599971294403
-0.5925162434577942
-0.1922599971294403
-0.2724914252758026
-0.28396499156951904
-0.2878110706806183
-0.28958308696746826
-0.29056254029273987
-0.29117652773857117
-0.29160088300704956
-0.29191893339157104
-0.2921743094921112
-0.29239171743392944
-0.29258593916893005
-0.292766273021698
-0.29293888807296753
-0.29310789704322815
-0.29327619075775146
-0.2934458553791046
-0.293618381023407
-0.2937949001789093
-0.2939763069152832
-0.2941632568836212
-0.29435622692108154
-0.2945556640625
-0.29476189613342285
-0.2949751913547516
-0.2951957881450653
-0.29542383551597595
-0.29565954208374023
-0.2959030270576477
-0.2961543798446655
-0.29641374945640564
-0.2966811954975128
-0.2969568371772766
-0.2972407042980194
-0.2975328862667084
-0.2978334426879883
-0.2981424331665039
-0.2984599471092224
-0.2987859845161438
-0.29912063479423523
-0.2994639277458191
-0.29981592297554016
-0.3001766502857208
-0.30054619908332825
-0.3009245693683624
-0.30131182074546814
-0.30170801281929016
-0.3021131753921509
-0.30252736806869507
-0.3029506206512451
-0.3033829927444458
-0.3038245141506195
-0.304275244474411
-0.3047352433204651
-0.3052045404911041
-0.3056831955909729
-0.3061712682247162
-0.306668758392334
-0.30717578530311584
-0.30769234895706177
-0.30821850895881653
-0.3087543547153473
-0.30929988622665405
-0.30985522270202637
-0.31042036414146423
-0.3109953999519348
-0.3115803599357605
-0.31217533349990845
-0.31278038024902344
-0.31339552998542786
-0.31402087211608887
-0.31465646624565125
-0.31530237197875977
-0.3159586489200592
-0.3166253864765167
-0.3173026442527771
-0.3179904520511627
-0.3186889588832855
-0.3193981647491455
-0.32011815905570984
-0.3208490312099457
-0.3215908706188202
-0.32234370708465576
-0.32310768961906433
-0.3238828182220459
-0.32466921210289
-0.32546699047088623
-0.32627615332603455
-0.3270968794822693
-0.32792916893959045
-0.32877317070961
-0.32962894439697266
-0.330496609210968
-0.33137622475624084
-0.3322679102420807
-0.3331717550754547
-0.33408787846565247
-0.33501631021499634
-0.33595722913742065
-0.3369107246398926
-0.3378768563270569
-0.3388557732105255
-0.3398475646972656
-0.3408523499965668
-0.3418702483177185
-0.342901349067688
-0.34394577145576477
-0.3450036942958832
-0.3460751473903656
-0.34716030955314636
-0.348259299993515
-0.3493722081184387
-0.3504992127418518
-0.3516404330730438
-0.35279595851898193
-0.35396599769592285
-0.35515061020851135
-0.35635000467300415
-0.3575642704963684
-0.35879358649253845
-0.36003807187080383
-0.3612979054450989
-0.3625732362270355
-0.3638642132282257
-0.365170955657959
-0.36649370193481445
-0.3678325414657593
-0.36918768286705017
-0.3705592751502991
-0.3719474971294403
-0.3733525276184082
-0.3747745454311371
-0.3762137293815613
-0.3776702582836151
-0.3791443109512329
-0.3806360960006714
-0.38214582204818726
-0.38367363810539246
-0.3852197825908661
-0.3867844343185425
-0.38836783170700073
-0.38997015357017517
-0.3915916383266449
-0.3932324945926666
-0.39489293098449707
-0.3965732157230377
-0.3982735574245453
-0.3999941945075989
-0.4017353355884552
-0.40349727869033813
-0.405280202627182
-0.4070844352245331
-0.40891018509864807
-0.41075775027275085
-0.41262733936309814
-0.4145192801952362
-0.41643384099006653
-0.4183712601661682
-0.4203318655490875
-0.42231595516204834
-0.42432379722595215
-0.4263557195663452
-0.4284120202064514
-0.43049299716949463
-0.4325990080833435
-0.4347303509712219
-0.43688735365867615
-0.43907037377357483
-0.4412797689437866
-0.4435158669948578
-0.445779025554657
-0.44806963205337524
-0.4503880441188812
-0.45273464918136597
-0.4551098346710205
-0.4575140178203583
-0.4599475562572479
-0.46241089701652527
-0.46490442752838135
-0.467428594827652
-0.46998387575149536
-0.47257062792778015
-0.4751893877983093
-0.4778406023979187
-0.4805247187614441
-0.4832422137260437
-0.4859936237335205
-0.4887794256210327
-0.4916001260280609
-0.4944562613964081
-0.4973483681678772
-0.5002769827842712
-0.5032427310943604
-0.5062460899353027
-0.5092876553535461
-0.5123680830001831
-0.5154879093170166
-0.5186478495597839
-0.5218484401702881
-0.5250903367996216
-0.5283743143081665
-0.5317009687423706
-0.5350709557533264
-0.538485050201416
-0.5419439673423767
-0.5454484820365906
-0.5489992499351501
-0.552597165107727
-0.5562429428100586
-0.5599374175071716
-0.563681423664093
-0.5674758553504944
-0.5713214874267578
-0.5752193331718445
-0.5791701674461365
-0.5831750631332397
-0.5872349143028259
-0.5913506746292114
-0.5955234169960022
-0.5997541546821594
-0.6040439009666443
-0.6083937883377075
-0.6128049492835999
-0.6172784566879272
-0.6218155026435852
-0.6264172792434692
-0.6310850381851196
-0.6358200311660767
-0.6406235694885254
-0.6454969644546509
-0.6504416465759277
-0.6554588675498962
-0.6605502367019653
-0.6657170653343201
-0.6709610223770142
-0.6762836575508118
-0.6816864609718323
-0.687171220779419
-0.6927394866943359
-0.6983931660652161
-0.704133927822113
-0.7099637389183044
-0.7158843874931335
-0.7218979001045227
-0.7280063033103943
-0.7342116236686707
-0.7405160069465637
-0.7469217777252197
-0.7534310817718506
-0.7600463032722473
-0.7667698860168457
-0.7736042737960815
-0.7805521488189697
-0.7876160740852356
-0.7947988510131836
-0.8021033406257629
-0.8095324039459229
-0.8170891404151917
-0.8247766494750977
-0.8325982689857483
-0.8405572175979614
-0.8486570715904236
-0.8569014072418213
-0.8652939200401306
-0.8738385438919067
-0.8825392127037048
-0.8914002180099487
-0.9004257321357727
-0.9096202850341797
-0.9189885854721069
-0.9285354018211365
-0.9382658004760742
-0.9481849670410156
-0.9582984447479248
-0.9686117768287659
-0.9791309833526611
-0.9898621439933777
-1.0008116960525513
-1.0119863748550415
-1.023393154144287
-1.0350393056869507
-1.046932578086853
-1.059080958366394
-1.0714927911758423
-1.084176778793335
-1.097142219543457
-1.1103988885879517
-1.1239566802978516
-1.1378264427185059
-1.1520195007324219
-1.166547417640686
-1.1814228296279907
-1.196658968925476
-1.2122695446014404
-1.2282694578170776
-1.2446740865707397
-1.2615001201629639
-1.2787648439407349
-1.2964870929718018
-1.3146865367889404
-1.3333841562271118
-1.3526026010513306
-1.372365951538086
-1.3926997184753418
-1.4136316776275635
-1.4351915121078491
-1.4574108123779297
-1.480324149131775
-1.5039684772491455
-1.5283840894699097
-1.5536144971847534
-1.579707145690918
-1.6067135334014893
-1.6346901655197144
-1.6636987924575806
-1.6938073635101318
-1.7250908613204956
-1.7576321363449097
-1.7915229797363281
-1.826865792274475
-1.8637752532958984
-1.9023795127868652
-1.942823886871338
-1.9852721691131592
-2.029911518096924
-2.076955795288086
-2.1266510486602783
-2.1792831420898438
-2.23518443107605
-2.294745683670044
-2.3584296703338623
-2.426788806915283
-2.50048828125
-2.580338716506958
-2.667337656021118
-2.7627289295196533
-2.868084669113159
-2.985424041748047
-3.1173863410949707
-3.2674918174743652
-3.440547466278076
-3.6433000564575195
-3.8855299949645996
-4.181986331939697
-4.556012153625488
-5.04689884185791
-5.72634220123291
-6.740596294403076
-8.44156265258789
-11.944513320922852
-23.652570724487305
113.78903198242188
13.444242477416992
6.120416164398193
3.404067039489746
1.9681496620178223
1.0664321184158325
0.437448114156723
-0.03420358523726463
-0.40740641951560974
-0.7153955101966858
-0.9783912897109985
-1.209439992904663
-1.4173716306686401
-1.6084105968475342
-1.7871044874191284
-1.9568860530853271
-2.1204278469085693
-2.279874563217163
-2.4369990825653076
-2.593312978744507
-2.7501440048217773
-2.9086954593658447
-3.070091485977173
-3.235412120819092
-3.4057254791259766
-3.582113265991211
-3.765697717666626
-3.95766544342041
-4.1592936515808105
-4.371979713439941
-4.597271919250488
-4.836906433105469
-5.09285306930542
-5.367368698120117
-5.663061141967773
-5.982975482940674
-6.330698490142822
-6.7104926109313965
-7.127474784851074
-7.587849140167236
-8.09921932220459
-8.67101764678955
-9.315093040466309
-10.046548843383789
-10.8849515914917
-11.85611343383789
-12.994812965393066
-14.349065780639648
-15.987091064453125
-18.009199142456055
-20.569189071655273
-23.91549301147461
-28.47720718383789
-35.064842224121094
-45.41521453857422
-64.04413604736328
-107.51031494140625
-324.86798095703125
327.02935791015625
109.78541564941406
66.32920837402344
47.704166412353516
37.356666564941406
30.771867752075195
26.213247299194336
22.87041473388672
20.314329147338867
18.296600341796875
16.663454055786133
15.314603805541992
14.181856155395508
13.217217445373535
12.385934829711914
11.662223815917969
11.026549339294434
10.46384048461914
9.962285041809082
9.512494087219238
9.106908798217773
8.739377975463867
8.404842376708984
8.099105834960938
7.818653583526611
7.560525894165039
7.322207927703857
7.1015496253967285
6.89670467376709
6.706075191497803
6.5282745361328125
6.362090587615967
6.2064619064331055
6.060452938079834
5.92323637008667
5.794078350067139
5.672326564788818
5.55739688873291
5.448766708374023
5.34596586227417
5.248571872711182
5.1562018394470215
5.068509578704834
4.985180377960205
4.905928611755371
4.830493450164795
4.758636474609375
4.690140247344971
4.624804496765137
4.562445640563965
4.502894401550293
4.445995330810547
4.391605377197266
4.339591026306152
4.289829254150391
4.242207050323486
4.19661808013916
4.152964115142822
4.111154556274414
4.071104049682617
4.032733917236328
3.995969772338867
3.9607431888580322
3.9269893169403076
3.894648551940918
3.863664388656616
3.833983898162842
3.805558204650879
3.7783408164978027
3.752288579940796
3.727360486984253
3.7035186290740967
3.680727481842041
3.6589529514312744
3.6381638050079346
3.618330478668213
3.5994253158569336
3.5814218521118164
3.564296007156372
3.548024892807007
3.5325870513916016
3.5179622173309326
3.50413179397583
3.4910781383514404
3.4787847995758057
3.4672367572784424
3.4564194679260254
3.4463202953338623
3.4369266033172607
3.428227663040161
3.420212745666504
3.412872314453125
3.406198263168335
3.4001827239990234
3.3948185443878174
3.3900997638702393
3.3860208988189697
3.382577419281006
3.379765272140503
3.3775811195373535
3.376023054122925
3.375088691711426